(-40.0)
(0.0)















0.624

0.622
0.614
0.610
0.607
0.605
0.603
0.602
0.601
0.601
0.601
0.602
0.603
0.605
0.607
0.610
0.614
0.622

0.619
0.612
0.607
0.603
0.601
0.598
0.596
0.595
0.594
0.593
0.593
0.592
0.593
0.593
0.594
0.595
0.596
0.598
0.601
0.603
0.607
0.612
0.619

0.627
0.616
0.610
0.605
0.601
0.598
0.595
0.593
0.591
0.590
0.589
0.588
0.587
0.587
0.587
0.587
0.587
0.588
0.589
0.590
0.591
0.593
0.595
0.598
0.601
0.605
0.610
0.616
0.627

0.628
0.617
0.610
0.605
0.601
0.597
0.595
0.592
0.590
0.588
0.587
0.585
0.584
0.584
0.583
0.583
0.583
0.583
0.583
0.584
0.584
0.585
0.587
0.588
0.590
0.592
0.595
0.597
0.601
0.605
0.610
0.617
0.628

0.636
0.620
0.613
0.607
0.603
0.599
0.595
0.593
0.590
0.588
0.586
0.584
0.583
0.582
0.581
0.580
0.580
0.580
0.579
0.580
0.580
0.580
0.581
0.582
0.583
0.584
0.586
0.588
0.590
0.593
0.595
0.599
0.603
0.607
0.613
0.620
0.636

0.627
0.618
0.611
0.606
0.601
0.598
0.594
0.591
0.589
0.587
0.585
0.583
0.582
0.581
0.580
0.579
0.578
0.578
0.577
0.577
0.577
0.578
0.578
0.579
0.580
0.581
0.582
0.583
0.585
0.587
0.589
0.591
0.594
0.598
0.601
0.606
0.611
0.618
0.627

0.643
0.625
0.616
0.610
0.605
0.601
0.597
0.594
0.591
0.589
0.586
0.584
0.583
0.581
0.580
0.579
0.578
0.577
0.576
0.576
0.576
0.576
0.576
0.576
0.576
0.577
0.578
0.579
0.580
0.581
0.583
0.584
0.586
0.589
0.591
0.594
0.597
0.601
0.605
0.610
0.616
0.625
0.643

0.637
0.624
0.617
0.611
0.606
0.601
0.598
0.594
0.592
0.589
0.587
0.585
0.583
0.581
0.580
0.578
0.577
0.576
0.576
0.575
0.575
0.575
0.574
0.575
0.575
0.575
0.576
0.576
0.577
0.578
0.580
0.581
0.583
0.585
0.587
0.589
0.592
0.594
0.598
0.601
0.606
0.611
0.617
0.624
0.637

0.636
0.625
0.617
0.612
0.607
0.602
0.599
0.595
0.592
0.590
0.587
0.585
0.583
0.581
0.580
0.579
0.577
0.576
0.576
0.575
0.574
0.574
0.574
0.574
0.574
0.574
0.574
0.575
0.576
0.576
0.577
0.579
0.580
0.581
0.583
0.585
0.587
0.590
0.592
0.595
0.599
0.602
0.607
0.612
0.617
0.625
0.636

0.638
0.627
0.619
0.613
0.608
0.604
0.600
0.597
0.594
0.591
0.588
0.586
0.584
0.582
0.581
0.579
0.578
0.577
0.576
0.575
0.575
0.574
0.574
0.573
0.573
0.573
0.574
0.574
0.575
0.575
0.576
0.577
0.578
0.579
0.581
0.582
0.584
0.586
0.588
0.591
0.594
0.597
0.600
0.604
0.608
0.613
0.619
0.627
0.638

0.640
0.629
0.621
0.615
0.610
0.606
0.602
0.599
0.595
0.593
0.590
0.588
0.586
0.584
0.582
0.580
0.579
0.578
0.577
0.576
0.575
0.575
0.574
0.574
0.573
0.573
0.573
0.574
0.574
0.575
0.575
0.576
0.577
0.578
0.579
0.580
0.582
0.584
0.586
0.588
0.590
0.593
0.595
0.599
0.602
0.606
0.610
0.615
0.621
0.629
0.640

0.644
0.632
0.624
0.618
0.613
0.608
0.604
0.601
0.598
0.595
0.592
0.590
0.587
0.585
0.584
0.582
0.580
0.579
0.578
0.577
0.576
0.575
0.575
0.574
0.574
0.574
0.574
0.574
0.574
0.574
0.575
0.575
0.576
0.577
0.578
0.579
0.580
0.582
0.584
0.585
0.587
0.590
0.592
0.595
0.598
0.601
0.604
0.608
0.613
0.618
0.624
0.632
0.644

0.650
0.636
0.628
0.621
0.616
0.611
0.607
0.603
0.600
0.597
0.594
0.592
0.589
0.587
0.585
0.584
0.582
0.581
0.579
0.578
0.577
0.577
0.576
0.575
0.575
0.575
0.574
0.574
0.574
0.575
0.575
0.575
0.576
0.577
0.577
0.578
0.579
0.581
0.582
0.584
0.585
0.587
0.589
0.592
0.594
0.597
0.600
0.603
0.607
0.611
0.616
0.621
0.628
0.636
0.650

0.661
0.641
0.632
0.625
0.619
0.614
0.610
0.606
0.603
0.600
0.597
0.594
0.592
0.590
0.588
0.586
0.584
0.583
0.581
0.580
0.579
0.578
0.577
0.577
0.576
0.576
0.575
0.575
0.575
0.575
0.575
0.576
0.576
0.577
0.577
0.578
0.579
0.580
0.581
0.583
0.584
0.586
0.588
0.590
0.592
0.594
0.597
0.600
0.603
0.606
0.610
0.614
0.619
0.625
0.632
0.641
0.661

0.647
0.636
0.629
0.623
0.618
0.614
0.610
0.606
0.603
0.600
0.597
0.594
0.592
0.590
0.588
0.586
0.585
0.583
0.582
0.581
0.580
0.579
0.578
0.578
0.577
0.577
0.576
0.576
0.576
0.576
0.576
0.577
0.577
0.578
0.578
0.579
0.580
0.581
0.582
0.583
0.585
0.586
0.588
0.590
0.592
0.594
0.597
0.600
0.603
0.606
0.610
0.614
0.618
0.623
0.629
0.636
0.647

0.654
0.642
0.634
0.627
0.622
0.617
0.613
0.609
0.606
0.603
0.600
0.597
0.595
0.593
0.591
0.589
0.587
0.586
0.584
0.583
0.582
0.581
0.580
0.579
0.579
0.578
0.578
0.578
0.577
0.577
0.577
0.578
0.578
0.578
0.579
0.579
0.580
0.581
0.582
0.583
0.584
0.586
0.587
0.589
0.591
0.593
0.595
0.597
0.600
0.603
0.606
0.609
0.613
0.617
0.622
0.627
0.634
0.642
0.654

0.667
0.648
0.639
0.632
0.626
0.621
0.617
0.613
0.610
0.606
0.603
0.601
0.598
0.596
0.594
0.592
0.590
0.588
0.587
0.586
0.584
0.583
0.582
0.581
0.581
0.580
0.580
0.579
0.579
0.579
0.579
0.579
0.579
0.579
0.580
0.580
0.581
0.581
0.582
0.583
0.584
0.586
0.587
0.588
0.590
0.592
0.594
0.596
0.598
0.601
0.603
0.606
0.610
0.613
0.617
0.621
0.626
0.632
0.639
0.648
0.667

0.656
0.645
0.637
0.631
0.626
0.621
0.617
0.613
0.610
0.607
0.604
0.602
0.599
0.597
0.595
0.593
0.591
0.590
0.588
0.587
0.586
0.585
0.584
0.583
0.582
0.582
0.581
0.581
0.580
0.580
0.580
0.580
0.580
0.581
0.581
0.582
0.582
0.583
0.584
0.585
0.586
0.587
0.588
0.590
0.591
0.593
0.595
0.597
0.599
0.602
0.604
0.607
0.610
0.613
0.617
0.621
0.626
0.631
0.637
0.645
0.656

0.667
0.652
0.643
0.636
0.631
0.626
0.622
0.618
0.614
0.611
0.608
0.605
0.603
0.600
0.598
0.596
0.594
0.593
0.591
0.590
0.588
0.587
0.586
0.585
0.585
0.584
0.583
0.583
0.582
0.582
0.582
0.582
0.582
0.582
0.582
0.583
0.583
0.584
0.585
0.585
0.586
0.587
0.588
0.590
0.591
0.593
0.594
0.596
0.598
0.600
0.603
0.605
0.608
0.611
0.614
0.618
0.622
0.626
0.631
0.636
0.643
0.652
0.667

0.660
0.650
0.642
0.636
0.631
0.626
0.622
0.618
0.615
0.612
0.609
0.606
0.604
0.602
0.600
0.598
0.596
0.594
0.593
0.591
0.590
0.589
0.588
0.587
0.586
0.586
0.585
0.585
0.584
0.584
0.584
0.584
0.584
0.584
0.584
0.585
0.585
0.586
0.586
0.587
0.588
0.589
0.590
0.591
0.593
0.594
0.596
0.598
0.600
0.602
0.604
0.606
0.609
0.612
0.615
0.618
0.622
0.626
0.631
0.636
0.642
0.650
0.660

0.674
0.657
0.649
0.642
0.636
0.631
0.627
0.623
0.619
0.616
0.613
0.610
0.608
0.605
0.603
0.601
0.599
0.598
0.596
0.595
0.593
0.592
0.591
0.590
0.589
0.588
0.588
0.587
0.587
0.586
0.586
0.586
0.586
0.586
0.586
0.586
0.587
0.587
0.588
0.588
0.589
0.590
0.591
0.592
0.593
0.595
0.596
0.598
0.599
0.601
0.603
0.605
0.608
0.610
0.613
0.616
0.619
0.623
0.627
0.631
0.636
0.642
0.649
0.657
0.674

0.667
0.656
0.648
0.642
0.637
0.632
0.628
0.624
0.621
0.617
0.614
0.612
0.609
0.607
0.605
0.603
0.601
0.599
0.598
0.596
0.595
0.594
0.593
0.592
0.591
0.590
0.590
0.589
0.589
0.588
0.588
0.588
0.588
0.588
0.588
0.588
0.589
0.589
0.590
0.590
0.591
0.592
0.593
0.594
0.595
0.596
0.598
0.599
0.601
0.603
0.605
0.607
0.609
0.612
0.614
0.617
0.621
0.624
0.628
0.632
0.637
0.642
0.648
0.656
0.667

0.665
0.655
0.648
0.642
0.637
0.633
0.629
0.625
0.622
0.619
0.616
0.613
0.611
0.609
0.607
0.605
0.603
0.601
0.600
0.599
0.597
0.596
0.595
0.594
0.593
0.593
0.592
0.591
0.591
0.591
0.590
0.590
0.590
0.590
0.590
0.591
0.591
0.591
0.592
0.593
0.593
0.594
0.595
0.596
0.597
0.599
0.600
0.601
0.603
0.605
0.607
0.609
0.611
0.613
0.616
0.619
0.622
0.625
0.629
0.633
0.637
0.642
0.648
0.655
0.665

0.677
0.664
0.655
0.649
0.643
0.638
0.634
0.630
0.627
0.624
0.621
0.618
0.615
0.613
0.611
0.609
0.607
0.605
0.604
0.602
0.601
0.599
0.598
0.597
0.596
0.596
0.595
0.594
0.594
0.593
0.593
0.593
0.593
0.593
0.593
0.593
0.593
0.593
0.594
0.594
0.595
0.596
0.596
0.597
0.598
0.599
0.601
0.602
0.604
0.605
0.607
0.609
0.611
0.613
0.615
0.618
0.621
0.624
0.627
0.630
0.634
0.638
0.643
0.649
0.655
0.664
0.677

0.674
0.663
0.656
0.649
0.644
0.640
0.636
0.632
0.628
0.625
0.622
0.620
0.617
0.615
0.613
0.611
0.609
0.607
0.606
0.604
0.603
0.602
0.601
0.600
0.599
0.598
0.597
0.597
0.596
0.596
0.595
0.595
0.595
0.595
0.595
0.595
0.595
0.596
0.596
0.597
0.597
0.598
0.599
0.600
0.601
0.602
0.603
0.604
0.606
0.607
0.609
0.611
0.613
0.615
0.617
0.620
0.622
0.625
0.628
0.632
0.636
0.640
0.644
0.649
0.656
0.663
0.674

0.673
0.663
0.656
0.651
0.646
0.641
0.637
0.634
0.630
0.627
0.624
0.622
0.619
0.617
0.615
0.613
0.611
0.610
0.608
0.607
0.605
0.604
0.603
0.602
0.601
0.601
0.600
0.599
0.599
0.598
0.598
0.598
0.598
0.598
0.598
0.598
0.598
0.598
0.599
0.599
0.600
0.601
0.601
0.602
0.603
0.604
0.605
0.607
0.608
0.610
0.611
0.613
0.615
0.617
0.619
0.622
0.624
0.627
0.630
0.634
0.637
0.641
0.646
0.651
0.656
0.663
0.673

0.689
0.673
0.664
0.657
0.652
0.647
0.643
0.639
0.635
0.632
0.629
0.627
0.624
0.622
0.620
0.617
0.616
0.614
0.612
0.611
0.609
0.608
0.607
0.606
0.605
0.604
0.603
0.602
0.602
0.601
0.601
0.601
0.600
0.600
0.600
0.600
0.600
0.601
0.601
0.601
0.602
0.602
0.603
0.604
0.605
0.606
0.607
0.608
0.609
0.611
0.612
0.614
0.616
0.617
0.620
0.622
0.624
0.627
0.629
0.632
0.635
0.639
0.643
0.647
0.652
0.657
0.664
0.673
0.689

0.686
0.673
0.665
0.659
0.653
0.649
0.645
0.641
0.638
0.634
0.632
0.629
0.626
0.624
0.622
0.620
0.618
0.616
0.615
0.613
0.612
0.611
0.609
0.608
0.607
0.607
0.606
0.605
0.605
0.604
0.604
0.603
0.603
0.603
0.603
0.603
0.603
0.603
0.604
0.604
0.605
0.605
0.606
0.607
0.607
0.608
0.609
0.611
0.612
0.613
0.615
0.616
0.618
0.620
0.622
0.624
0.626
0.629
0.632
0.634
0.638
0.641
0.645
0.649
0.653
0.659
0.665
0.673
0.686

0.685
0.674
0.666
0.660
0.655
0.651
0.647
0.643
0.640
0.637
0.634
0.631
0.629
0.627
0.624
0.623
0.621
0.619
0.617
0.616
0.615
0.613
0.612
0.611
0.610
0.609
0.609
0.608
0.607
0.607
0.607
0.606
0.606
0.606
0.606
0.606
0.606
0.606
0.607
0.607
0.607
0.608
0.609
0.609
0.610
0.611
0.612
0.613
0.615
0.616
0.617
0.619
0.621
0.623
0.624
0.627
0.629
0.631
0.634
0.637
0.640
0.643
0.647
0.651
0.655
0.660
0.666
0.674
0.685

0.685
0.675
0.668
0.662
0.657
0.653
0.649
0.645
0.642
0.639
0.636
0.634
0.631
0.629
0.627
0.625
0.623
0.622
0.620
0.619
0.617
0.616
0.615
0.614
0.613
0.612
0.612
0.611
0.610
0.610
0.610
0.609
0.609
0.609
0.609
0.609
0.609
0.609
0.610
0.610
0.610
0.611
0.612
0.612
0.613
0.614
0.615
0.616
0.617
0.619
0.620
0.622
0.623
0.625
0.627
0.629
0.631
0.634
0.636
0.639
0.642
0.645
0.649
0.653
0.657
0.662
0.668
0.675
0.685

0.686
0.677
0.670
0.664
0.659
0.655
0.651
0.648
0.645
0.642
0.639
0.636
0.634
0.632
0.630
0.628
0.626
0.625
0.623
0.622
0.620
0.619
0.618
0.617
0.616
0.615
0.615
0.614
0.613
0.613
0.613
0.612
0.612
0.612
0.612
0.612
0.612
0.612
0.613
0.613
0.613
0.614
0.615
0.615
0.616
0.617
0.618
0.619
0.620
0.622
0.623
0.625
0.626
0.628
0.630
0.632
0.634
0.636
0.639
0.642
0.645
0.648
0.651
0.655
0.659
0.664
0.670
0.677
0.686

0.688
0.679
0.672
0.666
0.662
0.658
0.654
0.650
0.647
0.644
0.642
0.639
0.637
0.635
0.633
0.631
0.629
0.627
0.626
0.625
0.623
0.622
0.621
0.620
0.619
0.618
0.618
0.617
0.616
0.616
0.616
0.615
0.615
0.615
0.615
0.615
0.615
0.615
0.616
0.616
0.616
0.617
0.618
0.618
0.619
0.620
0.621
0.622
0.623
0.625
0.626
0.627
0.629
0.631
0.633
0.635
0.637
0.639
0.642
0.644
0.647
0.650
0.654
0.658
0.662
0.666
0.672
0.679
0.688

0.689
0.681
0.674
0.669
0.664
0.660
0.656
0.653
0.650
0.647
0.644
0.642
0.640
0.638
0.636
0.634
0.632
0.630
0.629
0.628
0.626
0.625
0.624
0.623
0.622
0.621
0.621
0.620
0.620
0.619
0.619
0.619
0.618
0.618
0.618
0.618
0.618
0.619
0.619
0.619
0.620
0.620
0.621
0.621
0.622
0.623
0.624
0.625
0.626
0.628
0.629
0.630
0.632
0.634
0.636
0.638
0.640
0.642
0.644
0.647
0.650
0.653
0.656
0.660
0.664
0.669
0.674
0.681
0.689

0.691
0.683
0.677
0.671
0.667
0.663
0.659
0.656
0.653
0.650
0.647
0.645
0.643
0.641
0.639
0.637
0.635
0.634
0.632
0.631
0.629
0.628
0.627
0.626
0.625
0.625
0.624
0.623
0.623
0.622
0.622
0.622
0.622
0.621
0.621
0.621
0.622
0.622
0.622
0.622
0.623
0.623
0.624
0.625
0.625
0.626
0.627
0.628
0.629
0.631
0.632
0.634
0.635
0.637
0.639
0.641
0.643
0.645
0.647
0.650
0.653
0.656
0.659
0.663
0.667
0.671
0.677
0.683
0.691

0.712
0.694
0.686
0.679
0.674
0.670
0.666
0.662
0.659
0.656
0.653
0.650
0.648
0.646
0.644
0.642
0.640
0.638
0.637
0.635
0.634
0.633
0.632
0.630
0.630
0.629
0.628
0.627
0.627
0.626
0.626
0.625
0.625
0.625
0.625
0.625
0.625
0.625
0.625
0.625
0.626
0.626
0.627
0.627
0.628
0.629
0.630
0.630
0.632
0.633
0.634
0.635
0.637
0.638
0.640
0.642
0.644
0.646
0.648
0.650
0.653
0.656
0.659
0.662
0.666
0.670
0.674
0.679
0.686
0.694
0.712

0.697
0.688
0.682
0.677
0.672
0.668
0.665
0.662
0.659
0.656
0.653
0.651
0.649
0.647
0.645
0.643
0.641
0.640
0.638
0.637
0.636
0.635
0.634
0.633
0.632
0.631
0.631
0.630
0.629
0.629
0.629
0.628
0.628
0.628
0.628
0.628
0.628
0.628
0.629
0.629
0.629
0.630
0.631
0.631
0.632
0.633
0.634
0.635
0.636
0.637
0.638
0.640
0.641
0.643
0.645
0.647
0.649
0.651
0.653
0.656
0.659
0.662
0.665
0.668
0.672
0.677
0.682
0.688
0.697

0.699
0.691
0.685
0.680
0.675
0.671
0.668
0.665
0.662
0.659
0.657
0.654
0.652
0.650
0.648
0.646
0.645
0.643
0.642
0.640
0.639
0.638
0.637
0.636
0.635
0.635
0.634
0.633
0.633
0.632
0.632
0.632
0.632
0.632
0.631
0.632
0.632
0.632
0.632
0.632
0.633
0.633
0.634
0.635
0.635
0.636
0.637
0.638
0.639
0.640
0.642
0.643
0.645
0.646
0.648
0.650
0.652
0.654
0.657
0.659
0.662
0.665
0.668
0.671
0.675
0.680
0.685
0.691
0.699

0.703
0.694
0.688
0.683
0.679
0.675
0.671
0.668
0.665
0.662
0.660
0.657
0.655
0.653
0.651
0.650
0.648
0.647
0.645
0.644
0.643
0.642
0.641
0.640
0.639
0.638
0.637
0.637
0.636
0.636
0.636
0.635
0.635
0.635
0.635
0.635
0.635
0.635
0.636
0.636
0.636
0.637
0.637
0.638
0.639
0.640
0.641
0.642
0.643
0.644
0.645
0.647
0.648
0.650
0.651
0.653
0.655
0.657
0.660
0.662
0.665
0.668
0.671
0.675
0.679
0.683
0.688
0.694
0.703

0.706
0.698
0.691
0.686
0.682
0.678
0.674
0.671
0.668
0.666
0.663
0.661
0.659
0.657
0.655
0.653
0.651
0.650
0.649
0.647
0.646
0.645
0.644
0.643
0.642
0.642
0.641
0.640
0.640
0.639
0.639
0.639
0.639
0.639
0.639
0.639
0.639
0.639
0.639
0.639
0.640
0.640
0.641
0.642
0.642
0.643
0.644
0.645
0.646
0.647
0.649
0.650
0.651
0.653
0.655
0.657
0.659
0.661
0.663
0.666
0.668
0.671
0.674
0.678
0.682
0.686
0.691
0.698
0.706

0.710
0.701
0.695
0.690
0.685
0.681
0.678
0.675
0.672
0.669
0.666
0.664
0.662
0.660
0.658
0.657
0.655
0.653
0.652
0.651
0.650
0.649
0.648
0.647
0.646
0.645
0.645
0.644
0.643
0.643
0.643
0.642
0.642
0.642
0.642
0.642
0.642
0.642
0.643
0.643
0.643
0.644
0.645
0.645
0.646
0.647
0.648
0.649
0.650
0.651
0.652
0.653
0.655
0.657
0.658
0.660
0.662
0.664
0.666
0.669
0.672
0.675
0.678
0.681
0.685
0.690
0.695
0.701
0.710

0.715
0.705
0.698
0.693
0.689
0.685
0.681
0.678
0.675
0.672
0.670
0.668
0.666
0.664
0.662
0.660
0.658
0.657
0.656
0.654
0.653
0.652
0.651
0.650
0.649
0.649
0.648
0.648
0.647
0.647
0.646
0.646
0.646
0.646
0.646
0.646
0.646
0.646
0.646
0.647
0.647
0.648
0.648
0.649
0.649
0.650
0.651
0.652
0.653
0.654
0.656
0.657
0.658
0.660
0.662
0.664
0.666
0.668
0.670
0.672
0.675
0.678
0.681
0.685
0.689
0.693
0.698
0.705
0.715

0.720
0.709
0.702
0.697
0.692
0.688
0.685
0.682
0.679
0.676
0.674
0.671
0.669
0.667
0.665
0.664
0.662
0.661
0.659
0.658
0.657
0.656
0.655
0.654
0.653
0.652
0.652
0.651
0.651
0.650
0.650
0.650
0.650
0.649
0.649
0.649
0.650
0.650
0.650
0.650
0.651
0.651
0.652
0.652
0.653
0.654
0.655
0.656
0.657
0.658
0.659
0.661
0.662
0.664
0.665
0.667
0.669
0.671
0.674
0.676
0.679
0.682
0.685
0.688
0.692
0.697
0.702
0.709
0.720

0.727
0.713
0.706
0.701
0.696
0.692
0.688
0.685
0.682
0.680
0.677
0.675
0.673
0.671
0.669
0.667
0.666
0.664
0.663
0.662
0.661
0.660
0.659
0.658
0.657
0.656
0.656
0.655
0.654
0.654
0.654
0.654
0.653
0.653
0.653
0.653
0.653
0.654
0.654
0.654
0.654
0.655
0.656
0.656
0.657
0.658
0.659
0.660
0.661
0.662
0.663
0.664
0.666
0.667
0.669
0.671
0.673
0.675
0.677
0.680
0.682
0.685
0.688
0.692
0.696
0.701
0.706
0.713
0.727

0.718
0.710
0.705
0.700
0.696
0.692
0.689
0.686
0.683
0.681
0.679
0.677
0.675
0.673
0.671
0.670
0.668
0.667
0.665
0.664
0.663
0.662
0.661
0.661
0.660
0.659
0.659
0.658
0.658
0.658
0.657
0.657
0.657
0.657
0.657
0.657
0.657
0.658
0.658
0.658
0.659
0.659
0.660
0.661
0.661
0.662
0.663
0.664
0.665
0.667
0.668
0.670
0.671
0.673
0.675
0.677
0.679
0.681
0.683
0.686
0.689
0.692
0.696
0.700
0.705
0.710
0.718

0.724
0.715
0.709
0.704
0.700
0.696
0.693
0.690
0.687
0.685
0.682
0.680
0.678
0.677
0.675
0.673
0.672
0.671
0.669
0.668
0.667
0.666
0.665
0.664
0.664
0.663
0.663
0.662
0.662
0.661
0.661
0.661
0.661
0.661
0.661
0.661
0.661
0.661
0.662
0.662
0.663
0.663
0.664
0.664
0.665
0.666
0.667
0.668
0.669
0.671
0.672
0.673
0.675
0.677
0.678
0.680
0.682
0.685
0.687
0.690
0.693
0.696
0.700
0.704
0.709
0.715
0.724

0.731
0.720
0.713
0.708
0.704
0.700
0.697
0.694
0.691
0.689
0.686
0.684
0.682
0.680
0.679
0.677
0.676
0.674
0.673
0.672
0.671
0.670
0.669
0.668
0.668
0.667
0.666
0.666
0.666
0.665
0.665
0.665
0.665
0.665
0.665
0.665
0.665
0.665
0.666
0.666
0.666
0.667
0.668
0.668
0.669
0.670
0.671
0.672
0.673
0.674
0.676
0.677
0.679
0.680
0.682
0.684
0.686
0.689
0.691
0.694
0.697
0.700
0.704
0.708
0.713
0.720
0.731

0.725
0.718
0.713
0.708
0.704
0.701
0.698
0.695
0.693
0.690
0.688
0.686
0.684
0.683
0.681
0.680
0.678
0.677
0.676
0.675
0.674
0.673
0.672
0.672
0.671
0.670
0.670
0.670
0.669
0.669
0.669
0.669
0.669
0.669
0.669
0.669
0.669
0.670
0.670
0.670
0.671
0.672
0.672
0.673
0.674
0.675
0.676
0.677
0.678
0.680
0.681
0.683
0.684
0.686
0.688
0.690
0.693
0.695
0.698
0.701
0.704
0.708
0.713
0.718
0.725

0.732
0.723
0.717
0.712
0.709
0.705
0.702
0.699
0.697
0.694
0.692
0.690
0.688
0.687
0.685
0.684
0.682
0.681
0.680
0.679
0.678
0.677
0.676
0.676
0.675
0.674
0.674
0.673
0.673
0.673
0.673
0.673
0.673
0.673
0.673
0.673
0.673
0.673
0.674
0.674
0.675
0.676
0.676
0.677
0.678
0.679
0.680
0.681
0.682
0.684
0.685
0.687
0.688
0.690
0.692
0.694
0.697
0.699
0.702
0.705
0.709
0.712
0.717
0.723
0.732

0.741
0.729
0.722
0.717
0.713
0.709
0.706
0.703
0.701
0.698
0.696
0.694
0.692
0.691
0.689
0.688
0.686
0.685
0.684
0.683
0.682
0.681
0.680
0.680
0.679
0.678
0.678
0.678
0.677
0.677
0.677
0.677
0.677
0.677
0.677
0.677
0.677
0.678
0.678
0.678
0.679
0.680
0.680
0.681
0.682
0.683
0.684
0.685
0.686
0.688
0.689
0.691
0.692
0.694
0.696
0.698
0.701
0.703
0.706
0.709
0.713
0.717
0.722
0.729
0.741

0.735
0.727
0.722
0.718
0.714
0.711
0.708
0.705
0.703
0.700
0.698
0.696
0.695
0.693
0.692
0.690
0.689
0.688
0.687
0.686
0.685
0.684
0.684
0.683
0.682
0.682
0.682
0.681
0.681
0.681
0.681
0.681
0.681
0.681
0.681
0.681
0.682
0.682
0.682
0.683
0.684
0.684
0.685
0.686
0.687
0.688
0.689
0.690
0.692
0.693
0.695
0.696
0.698
0.700
0.703
0.705
0.708
0.711
0.714
0.718
0.722
0.727
0.735

0.744
0.733
0.727
0.722
0.718
0.715
0.712
0.709
0.707
0.705
0.703
0.701
0.699
0.697
0.696
0.694
0.693
0.692
0.691
0.690
0.689
0.688
0.688
0.687
0.687
0.686
0.686
0.685
0.685
0.685
0.685
0.685
0.685
0.685
0.685
0.685
0.686
0.686
0.687
0.687
0.688
0.688
0.689
0.690
0.691
0.692
0.693
0.694
0.696
0.697
0.699
0.701
0.703
0.705
0.707
0.709
0.712
0.715
0.718
0.722
0.727
0.733
0.744

0.740
0.733
0.728
0.723
0.720
0.717
0.714
0.711
0.709
0.707
0.705
0.703
0.702
0.700
0.699
0.697
0.696
0.695
0.694
0.693
0.693
0.692
0.691
0.691
0.690
0.690
0.690
0.689
0.689
0.689
0.689
0.689
0.689
0.689
0.690
0.690
0.690
0.691
0.691
0.692
0.693
0.693
0.694
0.695
0.696
0.697
0.699
0.700
0.702
0.703
0.705
0.707
0.709
0.711
0.714
0.717
0.720
0.723
0.728
0.733
0.740

0.752
0.739
0.733
0.728
0.725
0.721
0.718
0.716
0.713
0.711
0.709
0.708
0.706
0.704
0.703
0.702
0.701
0.699
0.698
0.698
0.697
0.696
0.695
0.695
0.694
0.694
0.694
0.693
0.693
0.693
0.693
0.693
0.693
0.693
0.694
0.694
0.694
0.695
0.695
0.696
0.697
0.698
0.698
0.699
0.701
0.702
0.703
0.704
0.706
0.708
0.709
0.711
0.713
0.716
0.718
0.721
0.725
0.728
0.733
0.739
0.752

0.747
0.739
0.734
0.730
0.726
0.723
0.720
0.718
0.716
0.714
0.712
0.710
0.709
0.707
0.706
0.705
0.704
0.703
0.702
0.701
0.700
0.700
0.699
0.699
0.698
0.698
0.698
0.698
0.697
0.697
0.697
0.698
0.698
0.698
0.698
0.699
0.699
0.700
0.700
0.701
0.702
0.703
0.704
0.705
0.706
0.707
0.709
0.710
0.712
0.714
0.716
0.718
0.720
0.723
0.726
0.730
0.734
0.739
0.747

0.747
0.740
0.735
0.731
0.728
0.725
0.723
0.720
0.718
0.716
0.715
0.713
0.712
0.710
0.709
0.708
0.707
0.706
0.705
0.705
0.704
0.703
0.703
0.703
0.702
0.702
0.702
0.702
0.702
0.702
0.702
0.702
0.702
0.703
0.703
0.703
0.704
0.705
0.705
0.706
0.707
0.708
0.709
0.710
0.712
0.713
0.715
0.716
0.718
0.720
0.723
0.725
0.728
0.731
0.735
0.740
0.747

0.760
0.747
0.741
0.737
0.733
0.730
0.728
0.725
0.723
0.721
0.719
0.718
0.716
0.715
0.714
0.713
0.712
0.711
0.710
0.709
0.708
0.708
0.707
0.707
0.707
0.706
0.706
0.706
0.706
0.706
0.706
0.706
0.707
0.707
0.707
0.708
0.708
0.709
0.710
0.711
0.712
0.713
0.714
0.715
0.716
0.718
0.719
0.721
0.723
0.725
0.728
0.730
0.733
0.737
0.741
0.747
0.760

0.757
0.748
0.743
0.739
0.736
0.733
0.730
0.728
0.726
0.724
0.722
0.721
0.720
0.718
0.717
0.716
0.715
0.714
0.714
0.713
0.712
0.712
0.711
0.711
0.711
0.711
0.711
0.710
0.711
0.711
0.711
0.711
0.711
0.712
0.712
0.713
0.714
0.714
0.715
0.716
0.717
0.718
0.720
0.721
0.722
0.724
0.726
0.728
0.730
0.733
0.736
0.739
0.743
0.748
0.757

0.757
0.750
0.745
0.741
0.738
0.735
0.733
0.731
0.729
0.727
0.726
0.724
0.723
0.722
0.721
0.720
0.719
0.718
0.717
0.717
0.716
0.716
0.716
0.715
0.715
0.715
0.715
0.715
0.715
0.715
0.716
0.716
0.716
0.717
0.717
0.718
0.719
0.720
0.721
0.722
0.723
0.724
0.726
0.727
0.729
0.731
0.733
0.735
0.738
0.741
0.745
0.750
0.757

0.759
0.752
0.747
0.744
0.741
0.738
0.736
0.734
0.732
0.730
0.729
0.728
0.726
0.725
0.724
0.724
0.723
0.722
0.721
0.721
0.720
0.720
0.720
0.720
0.720
0.720
0.720
0.720
0.720
0.720
0.720
0.721
0.721
0.722
0.723
0.724
0.724
0.725
0.726
0.728
0.729
0.730
0.732
0.734
0.736
0.738
0.741
0.744
0.747
0.752
0.759

0.761
0.755
0.750
0.747
0.744
0.741
0.739
0.737
0.736
0.734
0.733
0.731
0.730
0.729
0.728
0.727
0.727
0.726
0.726
0.725
0.725
0.725
0.724
0.724
0.724
0.724
0.724
0.725
0.725
0.725
0.726
0.726
0.727
0.727
0.728
0.729
0.730
0.731
0.733
0.734
0.736
0.737
0.739
0.741
0.744
0.747
0.750
0.755
0.761

0.764
0.758
0.753
0.750
0.747
0.745
0.743
0.741
0.739
0.738
0.736
0.735
0.734
0.733
0.732
0.732
0.731
0.730
0.730
0.730
0.729
0.729
0.729
0.729
0.729
0.729
0.729
0.730
0.730
0.730
0.731
0.732
0.732
0.733
0.734
0.735
0.736
0.738
0.739
0.741
0.743
0.745
0.747
0.750
0.753
0.758
0.764

0.768
0.761
0.757
0.753
0.751
0.748
0.746
0.745
0.743
0.742
0.740
0.739
0.738
0.737
0.737
0.736
0.735
0.735
0.734
0.734
0.734
0.734
0.734
0.734
0.734
0.734
0.734
0.735
0.735
0.736
0.737
0.737
0.738
0.739
0.740
0.742
0.743
0.745
0.746
0.748
0.751
0.753
0.757
0.761
0.768

0.775
0.765
0.761
0.757
0.755
0.752
0.750
0.748
0.747
0.746
0.744
0.743
0.742
0.742
0.741
0.740
0.740
0.739
0.739
0.739
0.739
0.739
0.739
0.739
0.739
0.739
0.740
0.740
0.741
0.742
0.742
0.743
0.744
0.746
0.747
0.748
0.750
0.752
0.755
0.757
0.761
0.765
0.775

0.770
0.765
0.762
0.759
0.756
0.754
0.753
0.751
0.750
0.749
0.748
0.747
0.746
0.746
0.745
0.745
0.744
0.744
0.744
0.744
0.744
0.744
0.744
0.745
0.745
0.746
0.746
0.747
0.748
0.749
0.750
0.751
0.753
0.754
0.756
0.759
0.762
0.765
0.770

0.779
0.770
0.766
0.763
0.761
0.759
0.757
0.756
0.755
0.753
0.753
0.752
0.751
0.750
0.750
0.750
0.749
0.749
0.749
0.749
0.749
0.750
0.750
0.750
0.751
0.752
0.753
0.753
0.755
0.756
0.757
0.759
0.761
0.763
0.766
0.770
0.779

0.778
0.772
0.769
0.766
0.764
0.762
0.761
0.760
0.759
0.758
0.757
0.756
0.756
0.755
0.755
0.755
0.755
0.755
0.755
0.755
0.756
0.756
0.757
0.758
0.759
0.760
0.761
0.762
0.764
0.766
0.769
0.772
0.778

0.781
0.775
0.772
0.770
0.768
0.766
0.765
0.764
0.763
0.762
0.762
0.761
0.761
0.761
0.761
0.761
0.761
0.761
0.762
0.762
0.763
0.764
0.765
0.766
0.768
0.770
0.772
0.775
0.781

0.781
0.777
0.775
0.773
0.772
0.770
0.769
0.769
0.768
0.768
0.768
0.768
0.768
0.768
0.768
0.769
0.769
0.770
0.772
0.773
0.775
0.777
0.781

0.785
0.782
0.780
0.778
0.777
0.776
0.776
0.776
0.776
0.776
0.776
0.776
0.777
0.778
0.780
0.782
0.785

0.790















